1 0
2 0
3 0
4 0
5 0
6 0
7 0
8 0
9 0
10 0
11 0
12 0
13 0
14 0
15 0
16 0
17 0
18 0
19 0
20 0
21 1
22 0
23 0
24 0
25 0
26 0
27 0
28 0
29 0
30 0
31 0
32 0
33 0
34 0
35 0
36 0
37 0
38 0
39 0
40 1
41 0
42 0
43 0
44 0
45 0
46 0
47 0
48 1
49 0
50 0
51 1
52 0
53 0
54 1
55 0
56 0
57 0
58 0
59 1
60 0
61 0
62 0
63 0
64 0
65 0
66 1
67 0
68 0
69 0
70 0
71 0
72 0
73 0
74 0
75 0
76 0
77 0
78 0
79 0
80 0
81 0
82 0
83 0
84 0
85 0
86 0
87 0
88 0
89 0
90 0
91 0
92 0
93 0
94 0
95 0
96 0
97 1
98 0
99 0
100 0
101 0
102 0
103 0
104 0
105 0
106 0
107 1
108 0
109 0
110 0
111 0
112 0
113 0
114 0
115 0
116 0
117 0
118 1
119 0
120 0
121 0
122 0
123 0
124 0
125 0
126 0
127 0
128 0
129 0
130 0
131 0
132 0
133 1
134 0
135 0
136 0
137 0
138 0
139 0
140 0
141 0
142 0
143 1
144 0
145 0
146 0
147 0
148 0
149 0
150 0
151 0
152 0
153 0
154 0
155 0
156 0
157 0
158 0
159 0
160 0
161 0
162 0
163 0
164 0
165 0
166 0
167 0
168 0
169 0
170 0
171 0
172 0
173 0
174 0
175 0
176 1
177 0
178 0
179 0
180 0
181 1
182 0
183 0
184 0
185 0
186 1
187 0
188 0
189 0
190 0
191 1
192 0
193 0
194 0
195 0
196 0
197 0
198 0
199 0
200 0
201 0
202 0
203 0
204 0
205 0
206 1
207 0
208 0
209 0
210 0
211 1
212 0
213 0
214 0
215 0
216 1
217 0
218 0
219 0
220 0
221 1
222 0
223 0
224 0
225 0
226 1
227 0
228 0
229 0
230 0
231 0
232 0
233 0
234 0
235 0
236 0
237 1
238 0
239 0
240 0
241 0
242 1
243 0
244 0
245 0
246 1
247 0
248 0
249 0
250 0
251 1
252 0
253 0
254 0
255 0
256 0
257 0
258 0
259 0
260 1
261 0
262 0
263 0
264 1
265 0
266 0
267 0
268 0
269 0
270 0
271 0
272 0
273 1
274 0
275 0
276 0
277 1
278 0
279 0
280 0
281 1
282 0
283 0
284 0
285 0
286 0
287 0
288 1
289 0
290 0
291 0
292 1
293 0
294 0
295 1
296 0
297 0
298 0
299 1
300 0
301 0
302 1
303 0
304 0
305 0
306 1
307 0
308 0
309 1
310 0
311 0
312 1
313 0
314 0
315 0
316 0
317 0
318 0
319 1
320 0
321 0
322 1
323 0
324 0
325 1
326 0
327 0
328 1
329 0
330 0
331 1
332 0
333 0
334 0
335 0
336 1
337 0
338 0
339 1
340 0
341 0
342 1
343 0
344 0
345 0
346 0
347 1
348 0
349 0
350 1
351 0
352 1
353 0
354 0
355 1
356 0
357 1
358 0
359 0
360 1
361 0
362 1
363 0
364 0
365 1
366 0
367 1
368 0
369 0
370 0
371 0
372 1
373 0
374 1
375 0
376 0
377 0
378 0
379 1
380 0
381 1
382 0
383 1
384 0
385 1
386 0
387 0
388 0
389 0
390 1
391 0
392 1
393 0
394 1
395 0
396 1
397 0
398 1
399 0
400 1
401 0
402 1
403 0
404 1
405 0
406 1
407 0
408 1
409 0
410 1
411 0
412 1
413 0
414 1
415 0
416 1
417 0
418 1
419 0
420 1
421 0
422 1
423 0
424 0
425 1
426 0
427 1
428 0
429 1
430 0
431 1
432 0
433 0
434 1
435 0
436 1
437 0
438 1
439 0
440 0
441 1
442 0
443 1
444 0
445 1
446 0
447 1
448 0
449 1
450 1
451 0
452 1
453 0
454 1
455 1
456 0
457 1
458 0
459 0
460 1
461 0
462 1
463 0
464 0
465 1
466 0
467 1
468 1
469 0
470 1
471 0
472 0
473 1
474 0
475 1
476 1
477 0
478 1
479 1
480 0
481 1
482 1
483 0
484 1
485 1
486 1
487 0
488 1
489 1
490 0
491 1
492 1
493 0
494 1
495 1
496 0
497 1
498 1
499 0
500 1
501 1
502 0
503 1
504 1
505 0
506 1
507 1
508 0
509 0
510 1
511 1
512 1
513 0
514 1
515 1
516 0
517 1
518 1
519 1
520 0
521 1
522 1
523 0
524 1
525 1
526 1
527 0
528 1
529 1
530 1
531 0
532 1
533 1
534 1
535 0
536 0
537 1
538 1
539 1
540 1
541 1
542 0
543 1
544 1
545 1
546 1
547 0
548 1
549 1
550 1
551 1
552 0
553 1
554 1
555 1
556 1
557 1
558 1
559 0
560 1
561 1
562 1
563 1
564 1
565 0
566 1
567 1
568 1
569 1
570 1
571 0
572 1
573 1
574 1
575 1
576 1
577 1
578 0
579 1
580 1
581 1
582 1
583 1
584 1
585 1
586 1
587 1
588 1
589 1
590 1
591 1
592 1
593 1
594 1
595 0
596 1
597 1
598 1
599 1
600 1
601 1
602 1
603 1
604 1
605 1
606 1
607 1
608 1
609 1
610 1
611 1
612 1
613 1
614 1
615 1
616 1
617 1
618 1
619 1
620 1
621 1
622 1
623 1
624 2
625 0
626 1
627 1
628 1
629 1
630 1
631 1
632 1
633 1
634 1
635 1
636 1
637 1
638 1
639 1
640 1
641 1
642 1
643 1
644 1
645 1
646 1
647 1
648 1
649 2
650 1
651 1
652 1
653 1
654 1
655 1
656 1
657 1
658 1
659 1
660 1
661 2
662 1
663 1
664 1
665 1
666 1
667 1
668 1
669 1
670 1
671 1
672 1
673 1
674 1
675 1
676 1
677 1
678 1
679 2
680 1
681 1
682 2
683 1
684 1
685 2
686 1
687 1
688 2
689 1
690 1
691 1
692 1
693 2
694 1
695 1
696 1
697 2
698 1
699 1
700 1
701 2
702 1
703 1
704 1
705 2
706 1
707 1
708 2
709 1
710 2
711 1
712 2
713 1
714 2
715 1
716 1
717 2
718 1
719 2
720 1
721 2
722 1
723 1
724 2
725 1
726 2
727 1
728 2
729 2
730 1
731 2
732 1
733 2
734 2
735 1
736 2
737 2
738 1
739 2
740 2
741 1
742 2
743 1
744 2
745 2
746 1
747 1
748 2
749 1
750 2
751 1
752 1
753 1
754 1
755 2
756 1
757 2
758 1
759 1
760 1
761 2
762 1
763 2
764 1
765 1
766 1
767 2
768 1
769 2
770 1
771 2
772 1
773 2
774 1
775 2
776 1
777 2
778 1
779 2
780 1
781 2
782 1
783 2
784 2
785 1
786 2
787 2
788 1
789 2
790 2
791 1
792 2
793 1
794 2
795 1
796 1
797 2
798 1
799 2
800 1
801 1
802 2
803 1
804 2
805 2
806 1
807 2
808 2
809 2
810 1
811 2
812 2
813 2
814 1
815 2
816 2
817 1
818 2
819 2
820 1
821 2
822 2
823 1
824 2
825 2
826 1
827 2
828 2
829 2
830 1
831 1
832 2
833 2
834 1
835 2
836 2
837 2
838 1
839 2
840 2
841 2
842 1
843 2
844 2
845 2
846 1
847 2
848 2
849 2
850 2
851 2
852 2
853 2
854 1
855 1
856 2
857 1
858 2
859 2
860 2
861 2
862 2
863 2
864 1
865 2
866 2
867 3
868 2
869 2
870 2
871 2
872 2
873 2
874 2
875 2
876 2
877 2
878 2
879 2
880 2
881 2
882 1
883 1
884 2
885 2
886 2
887 2
888 2
889 2
890 2
891 2
892 2
893 2
894 2
895 2
896 2
897 2
898 2
899 2
900 2
901 2
902 2
903 2
904 2
905 2
906 2
907 2
908 3
909 2
910 2
911 2
912 2
913 2
914 2
915 2
916 2
917 2
918 2
919 2
920 2
921 2
922 2
923 2
924 2
925 3
926 2
927 2
928 3
929 2
930 2
931 2
932 2
933 2
934 2
935 3
936 2
937 2
938 2
939 2
940 2
941 3
942 2
943 3
944 2
945 2
946 2
947 2
948 2
949 2
950 2
951 2
952 3
953 3
954 2
955 2
956 3
957 2
958 3
959 2
960 2
961 2
962 3
963 2
964 2
965 3
966 2
967 2
968 2
969 3
970 2
971 2
972 3
973 2
974 3
975 2
976 2
977 2
978 2
979 2
980 3
981 2
982 2
983 3
984 2
985 2
986 3
987 2
988 3
989 3
990 2
991 2
992 3
993 2
994 3
995 2
996 2
997 3
998 2
999 3
1000 2
1001 2
1002 3
1003 3
1004 2
1005 3
1006 2
1007 3
1008 2
1009 3
1010 2
1011 3
1012 2
1013 3
1014 2
1015 3
1016 2
1017 3
1018 3
1019 2
1020 3
1021 2
1022 3
1023 3
1024 2
1025 3
1026 2
1027 3
1028 2
1029 3
1030 3
1031 2
1032 3
1033 3
1034 2
1035 3
1036 3
1037 2
1038 3
1039 3
1040 2
1041 3
1042 2
1043 3
1044 3
1045 2
1046 3
1047 3
1048 3
1049 2
1050 3
1051 3
1052 2
1053 3
1054 3
1055 2
1056 3
1057 3
1058 2
1059 3
1060 3
1061 3
1062 3
1063 3
1064 3
1065 2
1066 3
1067 3
1068 3
1069 2
1070 3
1071 2
1072 3
1073 2
1074 3
1075 3
1076 3
1077 3
1078 3
1079 3
1080 3
1081 3
1082 3
1083 2
1084 3
1085 4
1086 3
1087 2
1088 3
1089 3
1090 3
1091 3
1092 3
1093 3
1094 2
1095 3
1096 3
1097 3
1098 3
1099 3
1100 3
1101 3
1102 3
1103 3
1104 3
1105 3
1106 3
1107 3
1108 3
1109 3
1110 3
1111 3
1112 3
1113 3
1114 3
1115 3
1116 3
1117 3
1118 3
1119 3
1120 3
1121 3
1122 3
1123 3
1124 2
1125 3
1126 3
1127 3
1128 3
1129 3
1130 3
1131 3
1132 3
1133 3
1134 3
1135 3
1136 3
1137 3
1138 3
1139 3
1140 4
1141 3
1142 3
1143 3
1144 3
1145 3
1146 4
1147 3
1148 3
1149 3
1150 3
1151 3
1152 3
1153 4
1154 3
1155 3
1156 3
1157 4
1158 3
1159 3
1160 4
1161 3
1162 3
1163 3
1164 4
1165 3
1166 3
1167 4
1168 3
1169 3
1170 4
1171 3
1172 3
1173 4
1174 3
1175 3
1176 4
1177 3
1178 3
1179 4
1180 4
1181 3
1182 3
1183 4
1184 3
1185 3
1186 3
1187 3
1188 4
1189 3
1190 4
1191 3
1192 4
1193 3
1194 4
1195 3
1196 4
1197 3
1198 3
1199 4
1200 3
1201 4
1202 4
1203 3
1204 4
1205 3
1206 4
1207 4
1208 3
1209 4
1210 3
1211 4
1212 3
1213 4
1214 3
1215 4
1216 4
1217 3
1218 4
1219 3
1220 4
1221 3
1222 4
1223 4
1224 4
1225 4
1226 3
1227 3
1228 4
1229 3
1230 4
1231 3
1232 4
1233 3
1234 4
1235 4
1236 3
1237 3
1238 4
1239 3
1240 4
1241 4
1242 4
1243 4
1244 4
1245 3
1246 4
1247 4
1248 4
1249 3
1250 4
1251 4
1252 5
1253 3
1254 4
1255 4
1256 4
1257 3
1258 4
1259 4
1260 4
1261 4
1262 4
1263 4
1264 3
1265 4
1266 4
1267 4
1268 4
1269 4
1270 4
1271 4
1272 4
1273 4
1274 4
1275 4
1276 3
1277 3
1278 4
1279 4
1280 4
1281 4
1282 3
1283 4
1284 4
1285 4
1286 4
1287 4
1288 4
1289 4
1290 3
1291 4
1292 4
1293 4
1294 4
1295 4
1296 3
1297 3
1298 4
1299 4
1300 4
1301 4
1302 4
1303 4
1304 4
1305 4
1306 4
1307 5
1308 4
1309 4
1310 4
1311 4
1312 5
1313 4
1314 4
1315 4
1316 4
1317 5
1318 4
1319 4
1320 4
1321 4
1322 4
1323 4
1324 4
1325 4
1326 5
1327 4
1328 4
1329 4
1330 5
1331 4
1332 5
1333 5
1334 4
1335 5
1336 4
1337 5
1338 4
1339 5
1340 4
1341 5
1342 4
1343 5
1344 4
1345 4
1346 5
1347 4
1348 5
1349 4
1350 5
1351 5
1352 4
1353 4
1354 5
1355 4
1356 5
1357 4
1358 5
1359 4
1360 5
1361 5
1362 5
1363 4
1364 5
1365 4
1366 5
1367 4
1368 5
1369 4
1370 5
1371 4
1372 6
1373 4
1374 5
1375 5
1376 4
1377 5
1378 4
1379 5
1380 5
1381 4
1382 5
1383 5
1384 4
1385 5
1386 4
1387 4
1388 5
1389 4
1390 5
1391 6
1392 4
1393 5
1394 4
1395 5
1396 5
1397 4
1398 5
1399 5
1400 4
1401 5
1402 5
1403 5
1404 4
1405 5
1406 5
1407 5
1408 4
1409 5
1410 5
1411 5
1412 4
1413 5
1414 5
1415 5
1416 5
1417 5
1418 4
1419 5
1420 5
1421 5
1422 5
1423 5
1424 5
1425 5
1426 5
1427 4
1428 4
1429 5
1430 5
1431 5
1432 5
1433 5
1434 5
1435 5
1436 5
1437 5
1438 5
1439 5
1440 5
1441 5
1442 5
1443 5
1444 5
1445 5
1446 5
1447 5
1448 5
1449 5
1450 5
1451 5
1452 6
1453 5
1454 5
1455 5
1456 5
1457 5
1458 5
1459 6
1460 5
1461 5
1462 5
1463 5
1464 5
1465 5
1466 6
1467 5
1468 5
1469 5
1470 5
1471 5
1472 5
1473 6
1474 5
1475 5
1476 6
1477 5
1478 5
1479 5
1480 6
1481 5
1482 5
1483 5
1484 5
1485 6
1486 5
1487 6
1488 6
1489 5
1490 5
1491 5
1492 6
1493 5
1494 6
1495 5
1496 6
1497 5
1498 5
1499 5
1500 5
1501 6
1502 6
1503 5
1504 6
1505 5
1506 5
1507 5
1508 5
1509 5
1510 5
1511 6
1512 5
1513 6
1514 5
1515 6
1516 6
1517 5
1518 6
1519 5
1520 5
1521 6
1522 6
1523 6
1524 5
1525 6
1526 5
1527 6
1528 5
1529 7
1530 5
1531 6
1532 5
1533 6
1534 6
1535 6
1536 6
1537 6
1538 6
1539 5
1540 7
1541 7
1542 7
1543 7
1544 6
1545 7
1546 7
1547 7
1548 6
1549 7
1550 6
1551 7
1552 7
1553 6
1554 6
1555 7
1556 7
1557 6
1558 6
1559 7
1560 7
1561 7
1562 6
1563 7
1564 6
1565 6
1566 7
1567 7
1568 6
1569 6
1570 7
1571 6
1572 6
1573 6
1574 6
1575 6
1576 6
1577 6
1578 6
1579 6
1580 6
1581 6
1582 6
1583 6
1584 6
1585 6
1586 6
1587 6
1588 6
1589 6
1590 6
1591 6
1592 6
1593 6
1594 6
1595 6
1596 7
1597 6
1598 6
1599 6
1600 6
1601 6
1602 6
1603 6
1604 6
1605 6
1606 7
1607 6
1608 6
1609 6
1610 6
1611 6
1612 6
1613 6
1614 6
1615 7
1616 6
1617 6
1618 6
1619 7
1620 6
1621 6
1622 7
1623 7
1624 6
1625 6
1626 6
1627 7
1628 6
1629 6
1630 6
1631 7
1632 6
1633 7
1634 6
1635 6
1636 7
1637 6
1638 7
1639 6
1640 6
1641 6
1642 6
1643 7
1644 6
1645 7
1646 6
1647 7
1648 6
1649 7
1650 7
1651 6
1652 7
1653 6
1654 7
1655 6
1656 7
1657 6
1658 7
1659 6
1660 7
1661 6
1662 8
1663 7
1664 6
1665 7
1666 6
1667 7
1668 7
1669 6
1670 7
1671 7
1672 6
1673 7
1674 7
1675 7
1676 6
1677 7
1678 7
1679 6
1680 9
1681 7
1682 7
1683 6
1684 7
1685 7
1686 7
1687 7
1688 6
1689 6
1690 7
1691 7
1692 7
1693 7
1694 7
1695 6
1696 7
1697 7
1698 8
1699 7
1700 7
1701 7
1702 7
1703 7
1704 7
1705 7
1706 7
1707 7
1708 7
1709 7
1710 7
1711 7
1712 7
1713 7
1714 7
1715 7
1716 7
1717 7
1718 7
1719 7
1720 7
1721 7
1722 7
1723 7
1724 7
1725 7
1726 8
1727 7
1728 7
1729 8
1730 7
1731 7
1732 7
1733 7
1734 7
1735 8
1736 7
1737 7
1738 8
1739 7
1740 7
1741 7
1742 8
1743 7
1744 7
1745 8
1746 7
1747 8
1748 8
1749 8
1750 7
1751 8
1752 7
1753 8
1754 7
1755 8
1756 7
1757 8
1758 7
1759 8
1760 7
1761 8
1762 7
1763 7
1764 8
1765 7
1766 8
1767 8
1768 7
1769 8
1770 8
1771 7
1772 8
1773 7
1774 8
1775 7
1776 8
1777 7
1778 8
1779 8
1780 7
1781 8
1782 7
1783 7
1784 7
1785 8
1786 8
1787 7
1788 8
1789 7
1790 7
1791 8
1792 7
1793 8
1794 8
1795 7
1796 8
1797 8
1798 8
1799 8
1800 7
1801 8
1802 7
1803 8
1804 9
1805 8
1806 8
1807 8
1808 7
1809 8
1810 8
1811 8
1812 8
1813 7
1814 8
1815 8
1816 7
1817 7
1818 8
1819 8
1820 7
1821 8
1822 8
1823 8
1824 9
1825 7
1826 8
1827 8
1828 8
1829 9
1830 8
1831 8
1832 7
1833 7
1834 9
1835 8
1836 8
1837 8
1838 8
1839 8
1840 8
1841 8
1842 8
1843 8
1844 8
1845 8
1846 8
1847 8
1848 8
1849 8
1850 8
1851 8
1852 8
1853 8
1854 8
1855 8
1856 8
1857 8
1858 8
1859 8
1860 9
1861 8
1862 9
1863 8
1864 8
1865 9
1866 8
1867 8
1868 8
1869 9
1870 8
1871 9
1872 8
1873 8
1874 9
1875 9
1876 8
1877 8
1878 8
1879 8
1880 9
1881 9
1882 8
1883 8
1884 9
1885 9
1886 8
1887 8
1888 9
1889 8
1890 8
1891 9
1892 8
1893 9
1894 9
1895 8
1896 9
1897 8
1898 9
1899 9
1900 8
1901 9
1902 9
1903 8
1904 9
1905 9
1906 8
1907 9
1908 9
1909 8
1910 9
1911 9
1912 9
1913 8
1914 9
1915 9
1916 9
1917 8
1918 9
1919 9
1920 9
1921 9
1922 9
1923 9
1924 8
1925 9
1926 9
1927 9
1928 9
1929 9
1930 9
1931 8
1932 9
1933 9
1934 10
1935 8
1936 9
1937 9
1938 9
1939 9
1940 9
1941 9
1942 9
1943 9
1944 9
1945 8
1946 10
1947 9
1948 9
1949 9
1950 9
1951 10
1952 9
1953 9
1954 9
1955 9
1956 8
1957 8
1958 9
1959 9
1960 9
1961 9
1962 10
1963 9
1964 9
1965 10
1966 9
1967 10
1968 9
1969 9
1970 9
1971 10
1972 9
1973 9
1974 9
1975 9
1976 10
1977 9
1978 9
1979 10
1980 9
1981 9
1982 10
1983 9
1984 10
1985 9
1986 9
1987 10
1988 9
1989 9
1990 10
1991 10
1992 9
1993 9
1994 10
1995 10
1996 9
1997 9
1998 10
1999 9
2000 10
2001 10
2002 9
2003 9
2004 10
2005 9
2006 10
2007 10
2008 9
2009 10
2010 10
2011 10
2012 9
2013 10
2014 10
2015 9
2016 10
2017 10
2018 9
2019 9
2020 10
2021 10
2022 10
2023 10
2024 9
2025 10
2026 10
2027 10
2028 10
2029 10
2030 10
2031 10
2032 10
2033 10
2034 10
2035 9
2036 10
2037 10
2038 10
2039 10
2040 10
2041 10
2042 11
2043 10
2044 9
2045 9
2046 11
2047 10
2048 10
2049 10
2050 10
2051 10
2052 10
2053 10
2054 11
2055 10
2056 10
2057 10
2058 10
2059 10
2060 10
2061 10
2062 10
2063 10
2064 10
2065 10
2066 11
2067 10
2068 10
2069 10
2070 10
2071 10
2072 10
2073 10
2074 11
2075 10
2076 10
2077 10
2078 10
2079 10
2080 11
2081 10
2082 11
2083 10
2084 10
2085 10
2086 11
2087 10
2088 11
2089 10
2090 11
2091 10
2092 10
2093 10
2094 10
2095 11
2096 10
2097 11
2098 11
2099 10
2100 11
2101 11
2102 11
2103 10
2104 11
2105 10
2106 11
2107 11
2108 10
2109 10
2110 10
2111 10
2112 11
2113 10
2114 11
2115 11
2116 10
2117 11
2118 11
2119 11
2120 10
2121 11
2122 11
2123 11
2124 10
2125 11
2126 11
2127 11
2128 11
2129 10
2130 11
2131 11
2132 10
2133 11
2134 11
2135 11
2136 11
2137 10
2138 12
2139 11
2140 10
2141 10
2142 11
2143 11
2144 12
2145 11
2146 12
2147 11
2148 11
2149 11
2150 11
2151 11
2152 11
2153 11
2154 11
2155 11
2156 11
2157 11
2158 12
2159 11
2160 11
2161 11
2162 11
2163 11
2164 11
2165 11
2166 12
2167 11
2168 12
2169 12
2170 11
2171 11
2172 11
2173 12
2174 11
2175 11
2176 11
2177 12
2178 11
2179 11
2180 11
2181 12
2182 11
2183 12
2184 12
2185 12
2186 11
2187 12
2188 11
2189 11
2190 12
2191 12
2192 12
2193 12
2194 11
2195 12
2196 11
2197 11
2198 12
2199 12
2200 11
2201 12
2202 12
2203 12
2204 12
2205 12
2206 11
2207 15
2208 12
2209 12
2210 12
2211 12
2212 12
2213 12
2214 12
2215 12
2216 12
2217 12
2218 12
2219 12
2220 13
2221 12
2222 12
2223 13
2224 12
2225 12
2226 12
2227 12
2228 12
2229 13
2230 12
2231 12
2232 13
2233 12
2234 12
2235 12
2236 12
2237 11
2238 12
2239 13
2240 13
2241 14
2242 13
2243 14
2244 13
2245 12
2246 13
2247 13
2248 14
2249 15
2250 15
2251 15
2252 15
2253 14
2254 15
2255 15
2256 14
2257 15
2258 14
2259 13
2260 12
2261 14
2262 12
2263 13
2264 12
2265 13
2266 12
2267 13
2268 13
2269 13
2270 13
2271 12
2272 12
2273 13
2274 12
2275 13
2276 13
2277 14
2278 13
2279 13
2280 13
2281 12
2282 14
2283 13
2284 13
2285 13
2286 13
2287 14
2288 13
2289 14
2290 12
2291 13
2292 12
2293 12
2294 14
2295 12
2296 13
2297 13
2298 12
2299 13
2300 13
2301 12
2302 13
2303 12
2304 12
2305 13
2306 13
2307 13
2308 13
2309 13
2310 13
2311 12
2312 12
2313 13
2314 13
2315 13
2316 13
2317 13
2318 13
2319 13
2320 12
2321 14
2322 13
2323 12
2324 14
2325 12
2326 13
2327 14
2328 13
2329 13
2330 13
2331 13
2332 13
2333 13
2334 13
2335 13
2336 13
2337 13
2338 13
2339 15
2340 13
2341 13
2342 15
2343 14
2344 13
2345 15
2346 14
2347 13
2348 14
2349 14
2350 13
2351 14
2352 14
2353 14
2354 14
2355 14
2356 13
2357 14
2358 14
2359 13
2360 15
2361 14
2362 14
2363 14
2364 14
2365 13
2366 14
2367 13
2368 14
2369 13
2370 14
2371 13
2372 13
2373 14
2374 14
2375 14
2376 14
2377 14
2378 14
2379 13
2380 15
2381 14
2382 13
2383 14
2384 14
2385 15
2386 13
2387 14
2388 13
2389 14
2390 15
2391 15
2392 13
2393 16
2394 14
2395 14
2396 15
2397 14
2398 13
2399 14
2400 13
2401 16
2402 15
2403 14
2404 13
2405 15
2406 13
2407 14
2408 14
2409 14
2410 14
2411 14
2412 14
2413 14
2414 14
2415 14
2416 14
2417 15
2418 14
2419 13
2420 15
2421 15
2422 13
2423 14
2424 13
2425 14
2426 15
2427 14
2428 14
2429 16
2430 14
2431 14
2432 15
2433 14
2434 14
2435 15
2436 14
2437 14
2438 14
2439 14
2440 16
2441 16
2442 15
2443 14
2444 15
2445 15
2446 14
2447 15
2448 14
2449 17
2450 17
2451 18
2452 15
2453 15
2454 14
2455 14
2456 15
2457 14
2458 14
2459 15
2460 14
2461 14
2462 15
2463 14
2464 14
2465 15
2466 14
2467 15
2468 14
2469 15
2470 14
2471 16
2472 14
2473 14
2474 15
2475 15
2476 14
2477 15
2478 15
2479 14
2480 15
2481 15
2482 14
2483 15
2484 15
2485 14
2486 15
2487 15
2488 14
2489 14
2490 14
2491 15
2492 14
2493 14
2494 15
2495 15
2496 15
2497 15
2498 15
2499 14
2500 15
2501 15
2502 15
2503 15
2504 15
2505 14
2506 15
2507 15
2508 15
2509 15
2510 15
2511 16
2512 16
2513 18
2514 17
2515 16
2516 17
2517 17
2518 15
2519 16
2520 16
2521 14
2522 15
2523 15
2524 15
2525 17
2526 17
2527 16
2528 18
2529 16
2530 18
2531 17
2532 19
2533 18
2534 17
2535 16
2536 16
2537 16
2538 15
2539 15
2540 15
2541 16
2542 15
2543 15
2544 15
2545 16
2546 17
2547 16
2548 16
2549 18
2550 18
2551 16
2552 18
2553 16
2554 16
2555 17
2556 16
2557 16
2558 16
2559 16
2560 16
2561 17
2562 16
2563 15
2564 16
2565 15
2566 16
2567 15
2568 16
2569 15
2570 16
2571 16
2572 15
2573 16
2574 16
2575 15
2576 16
2577 16
2578 15
2579 16
2580 16
2581 16
2582 16
2583 15
2584 16
2585 16
2586 16
2587 15
2588 16
2589 16
2590 16
2591 16
2592 15
2593 16
2594 16
2595 16
2596 15
2597 16
2598 17
2599 16
2600 16
2601 16
2602 16
2603 16
2604 16
2605 17
2606 19
2607 18
2608 17
2609 17
2610 16
2611 17
2612 16
2613 16
2614 16
2615 16
2616 16
2617 17
2618 16
2619 16
2620 17
2621 16
2622 16
2623 17
2624 19
2625 21
2626 21
2627 18
2628 18
2629 19
2630 17
2631 19
2632 19
2633 19
2634 19
2635 20
2636 18
2637 21
2638 20
2639 20
2640 19
2641 20
2642 17
2643 18
2644 20
2645 17
2646 18
2647 17
2648 18
2649 17
2650 17
2651 17
2652 16
2653 17
2654 18
2655 18
2656 17
2657 17
2658 17
2659 17
2660 17
2661 17
2662 17
2663 17
2664 17
2665 18
2666 17
2667 17
2668 18
2669 17
2670 17
2671 18
2672 16
2673 18
2674 17
2675 17
2676 17
2677 16
2678 18
2679 19
2680 18
2681 18
2682 18
2683 20
2684 19
2685 19
2686 20
2687 19
2688 19
2689 19
2690 20
2691 21
2692 20
2693 19
2694 20
2695 19
2696 19
2697 18
2698 20
2699 20
2700 20
2701 19
2702 20
2703 19
2704 20
2705 20
2706 19
2707 18
2708 18
2709 17
2710 18
2711 18
2712 17
2713 17
2714 19
2715 18
2716 19
2717 19
2718 20
2719 22
2720 21
2721 20
2722 18
2723 19
2724 19
2725 19
2726 20
2727 20
2728 20
2729 20
2730 19
2731 20
2732 21
2733 20
2734 21
2735 21
2736 19
2737 20
2738 19
2739 21
2740 20
2741 20
2742 19
2743 20
2744 20
2745 21
2746 19
2747 22
2748 20
2749 21
2750 21
2751 19
2752 19
2753 20
2754 19
2755 18
2756 19
2757 19
2758 20
2759 20
2760 19
2761 21
2762 19
2763 19
2764 19
2765 19
2766 19
2767 19
2768 19
2769 19
2770 20
2771 20
2772 20
2773 21
2774 19
2775 20
2776 20
2777 20
2778 20
2779 20
2780 19
2781 20
2782 19
2783 19
2784 21
2785 20
2786 18
2787 18
2788 19
2789 19
2790 19
2791 20
2792 19
2793 19
2794 18
2795 19
2796 19
2797 19
2798 18
2799 19
2800 18
2801 19
2802 21
2803 19
2804 19
2805 20
2806 24
2807 21
2808 20
2809 21
2810 19
2811 20
2812 20
2813 19
2814 20
2815 20
2816 19
2817 20
2818 20
2819 20
2820 19
2821 19
2822 19
2823 19
2824 19
2825 19
2826 19
2827 19
2828 19
2829 19
2830 18
2831 19
2832 19
2833 19
2834 19
2835 19
2836 19
2837 19
2838 19
2839 20
2840 19
2841 19
2842 19
2843 19
2844 19
2845 19
2846 19
2847 20
2848 19
2849 19
2850 19
2851 19
2852 19
2853 20
2854 19
2855 20
2856 19
2857 20
2858 19
2859 19
2860 19
2861 19
2862 19
2863 20
2864 19
2865 20
2866 19
2867 19
2868 20
2869 19
2870 20
2871 19
2872 20
2873 20
2874 21
2875 23
2876 21
2877 22
2878 22
2879 22
2880 21
2881 22
2882 21
2883 22
2884 23
2885 22
2886 23
2887 22
2888 23
2889 22
2890 22
2891 22
2892 22
2893 22
2894 22
2895 22
2896 22
2897 23
2898 22
2899 22
2900 21
2901 22
2902 22
2903 21
2904 21
2905 21
2906 23
2907 21
2908 21
2909 21
2910 21
2911 22
2912 19
2913 20
2914 22
2915 21
2916 21
2917 21
2918 23
2919 22
2920 22
2921 23
2922 21
2923 22
2924 20
2925 21
2926 20
2927 21
2928 23
2929 22
2930 22
2931 23
2932 23
2933 23
2934 22
2935 22
2936 22
2937 23
2938 21
2939 21
2940 22
2941 25
2942 22
2943 23
2944 22
2945 22
2946 23
2947 23
2948 23
2949 22
2950 21
2951 23
2952 21
2953 21
2954 22
2955 23
2956 21
2957 22
2958 22
2959 22
2960 22
2961 22
2962 22
2963 22
2964 21
2965 21
2966 21
2967 23
2968 21
2969 22
2970 21
2971 24
2972 23
2973 23
2974 21
2975 24
2976 23
2977 23
2978 24
2979 23
2980 23
2981 24
2982 23
2983 22
2984 22
2985 22
2986 23
2987 22
2988 23
2989 23
2990 22
2991 22
2992 23
2993 23
2994 22
2995 22
2996 21
2997 21
2998 21
2999 21
3000 21
3001 22
3002 21
3003 21
3004 21
3005 21
3006 23
3007 21
3008 21
3009 22
3010 21
3011 23
3012 21
3013 22
3014 22
3015 21
3016 22
3017 21
3018 22
3019 21
3020 21
3021 21
3022 22
3023 24
3024 23
3025 23
3026 22
3027 23
3028 22
3029 24
3030 25
3031 23
3032 22
3033 23
3034 21
3035 22
3036 22
3037 22
3038 21
3039 22
3040 21
3041 23
3042 21
3043 22
3044 22
3045 23
3046 22
3047 22
3048 22
3049 22
3050 22
3051 22
3052 22
3053 22
3054 22
3055 22
3056 22
3057 22
3058 21
3059 22
3060 21
3061 22
3062 21
3063 23
3064 21
3065 23
3066 22
3067 22
3068 24
3069 22
3070 22
3071 22
3072 22
3073 22
3074 22
3075 22
3076 21
3077 25
3078 24
3079 24
3080 24
3081 23
3082 24
3083 24
3084 23
3085 25
3086 23
3087 26
3088 28
3089 26
3090 25
3091 27
3092 25
3093 26
3094 26
3095 24
3096 26
3097 24
3098 25
3099 24
3100 25
3101 27
3102 24
3103 23
3104 24
3105 26
3106 23
3107 23
3108 22
3109 23
3110 23
3111 23
3112 22
3113 23
3114 23
3115 23
3116 22
3117 23
3118 23
3119 23
3120 24
3121 23
3122 23
3123 23
3124 23
3125 23
3126 23
3127 23
3128 23
3129 23
3130 23
3131 24
3132 24
3133 23
3134 23
3135 23
3136 23
3137 24
3138 23
3139 24
3140 23
3141 23
3142 24
3143 24
3144 25
3145 24
3146 24
3147 24
3148 24
3149 25
3150 25
3151 24
3152 24
3153 25
3154 24
3155 24
3156 24
3157 24
3158 28
3159 24
3160 24
3161 24
3162 23
3163 23
3164 26
3165 25
3166 26
3167 24
3168 23
3169 26
3170 25
3171 25
3172 26
3173 29
3174 28
3175 27
3176 27
3177 27
3178 28
3179 29
3180 27
3181 28
3182 27
3183 26
3184 26
3185 26
3186 24
3187 23
3188 24
3189 24
3190 24
3191 24
3192 24
3193 24
3194 24
3195 24
3196 24
3197 24
3198 24
3199 25
3200 25
3201 26
3202 24
3203 24
3204 24
3205 25
3206 24
3207 24
3208 24
3209 25
3210 25
3211 25
3212 27
3213 25
3214 25
3215 24
3216 24
3217 25
3218 24
3219 25
3220 24
3221 24
3222 24
3223 25
3224 24
3225 25
3226 24
3227 25
3228 26
3229 25
3230 26
3231 26
3232 26
3233 25
3234 25
3235 24
3236 25
3237 24
3238 25
3239 25
3240 24
3241 26
3242 24
3243 26
3244 26
3245 26
3246 26
3247 26
3248 27
3249 26
3250 25
3251 27
3252 25
3253 27
3254 25
3255 25
3256 25
3257 26
3258 26
3259 26
3260 26
3261 26
3262 27
3263 26
3264 26
3265 26
3266 25
3267 25
3268 24
3269 27
3270 25
3271 26
3272 25
3273 25
3274 25
3275 26
3276 25
3277 26
3278 29
3279 29
3280 26
3281 27
3282 26
3283 27
3284 26
3285 27
3286 26
3287 26
3288 26
3289 27
3290 25
3291 27
3292 26
3293 27
3294 26
3295 27
3296 25
3297 28
3298 26
3299 26
3300 26
3301 26
3302 26
3303 26
3304 25
3305 28
3306 29
3307 27
3308 27
3309 28
3310 27
3311 28
3312 27
3313 28
3314 30
3315 27
3316 26
3317 26
3318 27
3319 26
3320 26
3321 26
3322 26
3323 27
3324 29
3325 28
3326 29
3327 29
3328 28
3329 28
3330 27
3331 26
3332 26
3333 27
3334 26
3335 27
3336 27
3337 27
3338 28
3339 28
3340 27
3341 26
3342 26
3343 30
3344 27
3345 26
3346 27
3347 27
3348 26
3349 26
3350 26
3351 27
3352 26
3353 27
3354 27
3355 27
3356 29
3357 27
3358 26
3359 28
3360 29
3361 27
3362 26
3363 27
3364 26
3365 27
3366 27
3367 26
3368 31
3369 27
3370 26
3371 28
3372 26
3373 27
3374 27
3375 26
3376 26
3377 28
3378 27
3379 28
3380 27
3381 27
3382 28
3383 27
3384 27
3385 28
3386 33
3387 30
3388 30
3389 31
3390 32
3391 32
3392 30
3393 29
3394 30
3395 29
3396 30
3397 28
3398 27
3399 29
3400 27
3401 27
3402 27
3403 28
3404 27
3405 28
3406 28
3407 27
3408 27
3409 29
3410 27
3411 28
3412 28
3413 27
3414 27
3415 28
3416 27
3417 29
3418 27
3419 28
3420 27
3421 27
3422 27
3423 28
3424 28
3425 27
3426 28
3427 27
3428 28
3429 31
3430 27
3431 28
3432 28
3433 27
3434 27
3435 28
3436 28
3437 28
3438 27
3439 29
3440 27
3441 28
3442 29
3443 28
3444 28
3445 28
3446 28
3447 28
3448 28
3449 28
3450 28
3451 28
3452 28
3453 28
3454 28
3455 28
3456 28
3457 28
3458 29
3459 28
3460 28
3461 28
3462 29
3463 29
3464 28
3465 30
3466 28
3467 29
3468 29
3469 29
3470 29
3471 29
3472 28
3473 29
3474 29
3475 28
3476 29
3477 29
3478 28
3479 28
3480 28
3481 28
3482 29
3483 29
3484 28
3485 29
3486 28
3487 29
3488 28
3489 29
3490 28
3491 28
3492 29
3493 28
3494 29
3495 29
3496 30
3497 29
3498 29
3499 29
3500 28
3501 29
3502 29
3503 29
3504 28
3505 30
3506 30
3507 30
3508 30
3509 30
3510 31
3511 30
3512 29
3513 29
3514 29
3515 31
3516 30
3517 30
3518 30
3519 30
3520 31
3521 31
3522 31
3523 31
3524 30
3525 31
3526 29
3527 29
3528 29
3529 29
3530 29
3531 29
3532 29
3533 29
3534 29
3535 30
3536 29
3537 30
3538 31
3539 32
3540 31
3541 29
3542 30
3543 29
3544 30
3545 31
3546 29
3547 30
3548 30
3549 30
3550 30
3551 30
3552 29
3553 30
3554 29
3555 29
3556 30
3557 29
3558 29
3559 32
3560 31
3561 30
3562 31
3563 34
3564 34
3565 35
3566 32
3567 30
3568 30
3569 29
3570 30
3571 30
3572 30
3573 30
3574 30
3575 30
3576 30
3577 30
3578 31
3579 30
3580 31
3581 30
3582 30
3583 30
3584 30
3585 30
3586 30
3587 29
3588 31
3589 30
3590 30
3591 31
3592 30
3593 30
3594 31
3595 30
3596 32
3597 30
3598 31
3599 30
3600 30
3601 30
3602 32
3603 31
3604 31
3605 30
3606 31
3607 30
3608 31
3609 30
3610 32
3611 30
3612 31
3613 30
3614 31
3615 31
3616 31
3617 30
3618 31
3619 30
3620 30
3621 30
3622 31
3623 30
3624 30
3625 30
3626 31
3627 32
3628 31
3629 31
3630 36
3631 37
3632 32
3633 31
3634 31
3635 31
3636 31
3637 31
3638 31
3639 32
3640 31
3641 31
3642 32
3643 31
3644 31
3645 31
3646 31
3647 32
3648 31
3649 31
3650 30
3651 31
3652 31
3653 32
3654 31
3655 31
3656 31
3657 31
3658 32
3659 32
3660 32
3661 31
3662 31
3663 32
3664 31
3665 32
3666 31
3667 32
3668 32
3669 31
3670 32
3671 31
3672 31
3673 32
3674 32
3675 32
3676 31
3677 32
3678 31
3679 32
3680 32
3681 32
3682 31
3683 32
3684 32
3685 32
3686 32
3687 31
3688 31
3689 32
3690 32
3691 32
3692 31
3693 33
3694 31
3695 33
3696 31
3697 32
3698 31
3699 32
3700 31
3701 32
3702 32
3703 32
3704 32
3705 33
3706 32
3707 33
3708 32
3709 32
3710 32
3711 32
3712 31
3713 32
3714 32
3715 33
3716 32
3717 33
3718 32
3719 33
3720 32
3721 33
3722 37
3723 33
3724 33
3725 33
3726 33
3727 32
3728 33
3729 33
3730 32
3731 33
3732 33
3733 32
3734 33
3735 32
3736 34
3737 33
3738 33
3739 33
3740 33
3741 32
3742 34
3743 32
3744 34
3745 32
3746 34
3747 32
3748 33
3749 32
3750 33
3751 33
3752 33
3753 34
3754 33
3755 33
3756 33
3757 32
3758 34
3759 32
3760 33
3761 33
3762 33
3763 33
3764 34
3765 33
3766 34
3767 33
3768 34
3769 33
3770 34
3771 33
3772 33
3773 33
3774 33
3775 34
3776 33
3777 33
3778 34
3779 33
3780 34
3781 33
3782 34
3783 33
3784 34
3785 33
3786 34
3787 33
3788 34
3789 33
3790 33
3791 34
3792 34
3793 33
3794 34
3795 34
3796 34
3797 34
3798 34
3799 34
3800 34
3801 34
3802 34
3803 34
3804 34
3805 33
3806 33
3807 34
3808 34
3809 34
3810 34
3811 35
3812 34
3813 34
3814 34
3815 34
3816 35
3817 34
3818 35
3819 34
3820 34
3821 34
3822 35
3823 34
3824 34
3825 36
3826 35
3827 34
3828 35
3829 34
3830 34
3831 34
3832 34
3833 34
3834 35
3835 34
3836 35
3837 34
3838 35
3839 34
3840 36
3841 34
3842 35
3843 35
3844 35
3845 35
3846 35
3847 34
3848 35
3849 35
3850 35
3851 34
3852 34
3853 35
3854 35
3855 35
3856 35
3857 35
3858 35
3859 35
3860 35
3861 35
3862 35
3863 35
3864 35
3865 35
3866 35
3867 35
3868 35
3869 34
3870 35
3871 35
3872 35
3873 35
3874 35
3875 35
3876 35
3877 35
3878 36
3879 35
3880 35
3881 36
3882 36
3883 35
3884 35
3885 36
3886 36
3887 36
3888 35
3889 36
3890 36
3891 36
3892 35
3893 36
3894 35
3895 36
3896 36
3897 35
3898 36
3899 35
3900 36
3901 36
3902 35
3903 36
3904 36
3905 36
3906 36
3907 36
3908 36
3909 35
3910 36
3911 36
3912 35
3913 36
3914 36
3915 36
3916 36
3917 36
3918 36
3919 35
3920 35
3921 36
3922 36
3923 36
3924 37
3925 36
3926 36
3927 36
3928 36
3929 36
3930 36
3931 37
3932 36
3933 36
3934 37
3935 36
3936 37
3937 36
3938 37
3939 37
3940 37
3941 37
3942 36
3943 37
3944 37
3945 37
3946 36
3947 36
3948 37
3949 36
3950 37
3951 37
3952 37
3953 37
3954 37
3955 36
3956 37
3957 37
3958 37
3959 37
3960 37
3961 37
3962 37
3963 37
3964 37
3965 37
3966 37
3967 37
3968 37
3969 37
3970 37
3971 37
3972 37
3973 37
3974 38
3975 37
3976 38
3977 37
3978 37
3979 38
3980 37
3981 37
3982 38
3983 37
3984 37
3985 37
3986 37
3987 37
3988 37
3989 38
3990 37
3991 38
3992 38
3993 38
3994 37
3995 38
3996 37
3997 37
3998 38
3999 37
4000 38
4001 37
4002 37
4003 38
4004 38
4005 38
4006 37
4007 38
4008 38
4009 38
4010 37
4011 37
4012 38
4013 38
4014 38
4015 38
4016 38
4017 38
4018 39
4019 38
4020 38
4021 38
4022 39
4023 38
4024 38
4025 38
4026 38
4027 38
4028 38
4029 38
4030 38
4031 39
4032 38
4033 38
4034 39
4035 38
4036 39
4037 38
4038 39
4039 38
4040 38
4041 39
4042 38
4043 39
4044 38
4045 38
4046 39
4047 38
4048 39
4049 38
4050 39
4051 39
4052 38
4053 39
4054 38
4055 39
4056 39
4057 39
4058 39
4059 39
4060 39
4061 39
4062 38
4063 39
4064 39
4065 39
4066 38
4067 38
4068 39
4069 39
4070 40
4071 39
4072 39
4073 39
4074 39
4075 39
4076 39
4077 39
4078 39
4079 39
4080 39
4081 39
4082 39
4083 40
4084 39
4085 39
4086 39
4087 40
4088 39
4089 39
4090 39
4091 39
4092 39
4093 40
4094 39
4095 39
4096 41
4097 40
4098 40
4099 39
4100 40
4101 39
4102 40
4103 39
4104 40
4105 39
4106 40
4107 39
4108 40
4109 41
4110 39
4111 40
4112 40
4113 40
4114 40
4115 40
4116 40
4117 40
4118 40
4119 39
4120 40
4121 40
4122 40
4123 40
4124 40
4125 40
4126 40
4127 40
4128 40
4129 40
4130 40
4131 40
4132 40
4133 40
4134 41
4135 40
4136 40
4137 40
4138 41
4139 40
4140 41
4141 40
4142 40
4143 40
4144 40
4145 41
4146 40
4147 40
4148 40
4149 40
4150 40
4151 40
4152 40
4153 40
4154 40
4155 40
4156 41
4157 40
4158 42
4159 40
4160 40
4161 41
4162 41
4163 40
4164 41
4165 41
4166 41
4167 40
4168 40
4169 40
4170 42
4171 41
4172 41
4173 41
4174 41
4175 40
4176 41
4177 40
4178 41
4179 41
4180 41
4181 41
4182 42
4183 41
4184 41
4185 41
4186 41
4187 41
4188 41
4189 41
4190 41
4191 42
4192 41
4193 42
4194 41
4195 41
4196 41
4197 42
4198 41
4199 42
4200 41
4201 42
4202 41
4203 41
4204 42
4205 42
4206 42
4207 41
4208 41
4209 42
4210 42
4211 41
4212 42
4213 41
4214 41
4215 42
4216 42
4217 41
4218 43
4219 42
4220 41
4221 42
4222 42
4223 42
4224 42
4225 42
4226 42
4227 42
4228 42
4229 42
4230 43
4231 42
4232 42
4233 42
4234 42
4235 42
4236 42
4237 42
4238 42
4239 43
4240 42
4241 42
4242 44
4243 42
4244 42
4245 42
4246 42
4247 42
4248 42
4249 42
4250 43
4251 42
4252 43
4253 42
4254 43
4255 43
4256 42
4257 43
4258 43
4259 42
4260 43
4261 42
4262 42
4263 43
4264 42
4265 42
4266 44
4267 42
4268 42
4269 43
4270 43
4271 43
4272 42
4273 43
4274 43
4275 43
4276 42
4277 44
4278 43
4279 43
4280 43
4281 43
4282 43
4283 43
4284 43
4285 43
4286 43
4287 43
4288 43
4289 43
4290 44
4291 43
4292 43
4293 43
4294 43
4295 43
4296 44
4297 43
4298 43
4299 43
4300 44
4301 43
4302 43
4303 43
4304 43
4305 43
4306 44
4307 43
4308 44
4309 44
4310 43
4311 44
4312 44
4313 43
4314 43
4315 44
4316 44
4317 44
4318 43
4319 43
4320 44
4321 44
4322 44
4323 44
4324 44
4325 44
4326 44
4327 44
4328 44
4329 44
4330 44
4331 44
4332 44
4333 44
4334 44
4335 45
4336 44
4337 44
4338 44
4339 44
4340 44
4341 44
4342 44
4343 44
4344 44
4345 44
4346 45
4347 45
4348 44
4349 45
4350 44
4351 44
4352 45
4353 45
4354 45
4355 45
4356 45
4357 45
4358 45
4359 44
4360 45
4361 45
4362 44
4363 45
4364 44
4365 45
4366 45
4367 45
4368 45
4369 44
4370 44
4371 45
4372 44
4373 44
4374 45
4375 46
4376 46
4377 45
4378 45
4379 46
4380 45
4381 45
4382 45
4383 45
4384 45
4385 45
4386 44
4387 45
4388 45
4389 45
4390 46
4391 45
4392 45
4393 46
4394 45
4395 45
4396 45
4397 46
4398 45
4399 46
4400 45
4401 47
4402 45
4403 46
4404 45
4405 45
4406 45
4407 46
4408 46
4409 45
4410 46
4411 47
4412 47
4413 46
4414 46
4415 46
4416 46
4417 45
4418 45
4419 47
4420 47
4421 45
4422 45
4423 46
4424 46
4425 45
4426 45
4427 45
4428 45
4429 46
4430 45
4431 45
4432 46
4433 46
4434 47
4435 47
4436 46
4437 47
4438 46
4439 46
4440 47
4441 46
4442 47
4443 46
4444 46
4445 47
4446 46
4447 46
4448 47
4449 46
4450 47
4451 47
4452 46
4453 47
4454 46
4455 47
4456 46
4457 47
4458 46
4459 46
4460 47
4461 48
4462 47
4463 48
4464 47
4465 47
4466 47
4467 48
4468 49
4469 47
4470 46
4471 47
4472 47
4473 47
4474 47
4475 48
4476 49
4477 48
4478 47
4479 48
4480 47
4481 47
4482 48
4483 47
4484 47
4485 48
4486 48
4487 49
4488 48
4489 48
4490 47
4491 47
4492 48
4493 47
4494 48
4495 47
4496 48
4497 48
4498 48
4499 47
4500 49
4501 48
4502 48
4503 48
4504 47
4505 48
4506 48
4507 47
4508 49
4509 47
4510 47
4511 48
4512 48
4513 48
4514 48
4515 48
4516 47
4517 47
4518 48
4519 48
4520 48
4521 48
4522 48
4523 48
4524 48
4525 48
4526 48
4527 48
4528 48
4529 49
4530 48
4531 48
4532 48
4533 48
4534 48
4535 49
4536 48
4537 49
4538 48
4539 49
4540 48
4541 48
4542 48
4543 48
4544 49
4545 48
4546 49
4547 48
4548 49
4549 49
4550 49
4551 48
4552 49
4553 48
4554 48
4555 49
4556 49
4557 48
4558 48
4559 49
4560 49
4561 49
4562 49
4563 49
4564 49
4565 49
4566 49
4567 48
4568 48
4569 48
4570 50
4571 50
4572 49
4573 49
4574 49
4575 49
4576 49
4577 49
4578 49
4579 49
4580 50
4581 49
4582 50
4583 49
4584 49
4585 49
4586 49
4587 50
4588 49
4589 49
4590 50
4591 49
4592 49
4593 50
4594 50
4595 50
4596 50
4597 49
4598 50
4599 50
4600 50
4601 50
4602 49
4603 50
4604 50
4605 49
4606 49
4607 50
4608 50
4609 49
4610 50
4611 49
4612 49
4613 50
4614 50
4615 50
4616 50
4617 50
4618 50
4619 50
4620 51
4621 50
4622 50
4623 50
4624 50
4625 50
4626 50
4627 50
4628 50
4629 50
4630 51
4631 50
4632 50
4633 50
4634 50
4635 51
4636 50
4637 50
4638 50
4639 50
4640 51
4641 51
4642 51
4643 50
4644 51
4645 50
4646 51
4647 50
4648 50
4649 51
4650 51
4651 51
4652 51
4653 51
4654 51
4655 50
4656 50
4657 50
4658 51
4659 51
4660 51
4661 50
4662 51
4663 52
4664 51
4665 51
4666 51
4667 52
4668 51
4669 51
4670 51
4671 51
4672 52
4673 51
4674 51
4675 51
4676 51
4677 52
4678 51
4679 52
4680 52
4681 51
4682 52
4683 51
4684 52
4685 51
4686 52
4687 51
4688 52
4689 52
4690 52
4691 52
4692 51
4693 52
4694 51
4695 51
4696 51
4697 51
4698 52
4699 52
4700 52
4701 52
4702 52
4703 52
4704 52
4705 51
4706 52
4707 53
4708 53
4709 53
4710 54
4711 52
4712 52
4713 53
4714 52
4715 52
4716 51
4717 52
4718 54
4719 52
4720 52
4721 53
4722 53
4723 54
4724 52
4725 52
4726 52
4727 53
4728 53
4729 52
4730 52
4731 52
4732 53
4733 52
4734 53
4735 52
4736 53
4737 53
4738 53
4739 52
4740 53
4741 53
4742 52
4743 53
4744 53
4745 53
4746 53
4747 52
4748 53
4749 54
4750 54
4751 54
4752 54
4753 52
4754 53
4755 53
4756 53
4757 52
4758 52
4759 53
4760 54
4761 53
4762 53
4763 53
4764 53
4765 54
4766 53
4767 53
4768 54
4769 53
4770 53
4771 53
4772 53
4773 54
4774 54
4775 53
4776 54
4777 54
4778 53
4779 54
4780 53
4781 54
4782 54
4783 54
4784 54
4785 53
4786 55
4787 53
4788 54
4789 53
4790 54
4791 54
4792 54
4793 55
4794 53
4795 53
4796 54
4797 54
4798 54
4799 54
4800 54
4801 54
4802 55
4803 54
4804 54
4805 54
4806 54
4807 55
4808 54
4809 54
4810 54
4811 55
4812 54
4813 55
4814 54
4815 54
4816 54
4817 54
4818 55
4819 55
4820 55
4821 54
4822 54
4823 54
4824 54
4825 55
4826 54
4827 54
4828 57
4829 58
4830 58
4831 55
4832 55
4833 55
4834 55
4835 54
4836 56
4837 65
4838 61
4839 56
4840 55
4841 55
4842 55
4843 55
4844 55
4845 56
4846 60
4847 56
4848 55
4849 55
4850 55
4851 56
4852 55
4853 55
4854 55
4855 55
4856 56
4857 55
4858 55
4859 56
4860 55
4861 56
4862 55
4863 55
4864 55
4865 56
4866 56
4867 55
4868 56
4869 55
4870 56
4871 56
4872 58
4873 59
4874 59
4875 58
4876 59
4877 59
4878 58
4879 59
4880 59
4881 55
4882 56
4883 59
4884 57
4885 57
4886 59
4887 56
4888 56
4889 56
4890 57
4891 57
4892 56
4893 56
4894 56
4895 56
4896 56
4897 60
4898 58
4899 60
4900 58
4901 56
4902 57
4903 56
4904 57
4905 56
4906 57
4907 56
4908 60
4909 63
4910 59
4911 59
4912 57
4913 57
4914 56
4915 57
4916 56
4917 58
4918 57
4919 56
4920 58
4921 57
4922 56
4923 56
4924 57
4925 57
4926 59
4927 58
4928 56
4929 56
4930 60
4931 60
4932 61
4933 60
4934 60
4935 60
4936 58
4937 59
4938 57
4939 58
4940 57
4941 57
4942 57
4943 61
4944 61
4945 61
4946 58
4947 57
4948 57
4949 58
4950 57
4951 58
4952 58
4953 57
4954 57
4955 57
4956 57
4957 58
4958 57
4959 60
4960 64
4961 63
4962 61
4963 61
4964 64
4965 62
4966 61
4967 59
4968 59
4969 61
4970 59
4971 60
4972 58
4973 60
4974 59
4975 59
4976 59
4977 61
4978 63
4979 60
4980 60
4981 60
4982 60
4983 59
4984 60
4985 60
4986 58
4987 59
4988 58
4989 58
4990 58
4991 58
4992 61
4993 61
4994 61
4995 62
4996 62
4997 63
4998 63
4999 63
5000 63
5001 62
5002 63
5003 61
5004 60
5005 60
5006 61
5007 59
5008 59
5009 59
5010 60
5011 58
5012 62
5013 62
5014 59
5015 59
5016 59
5017 59
5018 60
5019 59
5020 59
5021 59
5022 59
5023 59
5024 62
5025 60
5026 59
5027 60
5028 59
5029 61
5030 60
5031 60
5032 59
5033 60
5034 59
5035 60
5036 60
5037 60
5038 60
5039 59
5040 60
5041 59
5042 59
5043 61
5044 59
5045 60
5046 59
5047 59
5048 60
5049 60
5050 60
5051 60
5052 61
5053 59
5054 59
5055 60
5056 61
5057 59
5058 59
5059 59
5060 61
5061 60
5062 60
5063 60
5064 60
5065 60
5066 60
5067 60
5068 61
5069 60
5070 60
5071 60
5072 60
5073 60
5074 60
5075 60
5076 60
5077 61
5078 61
5079 61
5080 60
5081 61
5082 61
5083 61
5084 60
5085 61
5086 61
5087 60
5088 61
5089 60
5090 61
5091 61
5092 60
5093 61
5094 61
5095 63
5096 61
5097 61
5098 61
5099 60
5100 61
5101 61
5102 61
5103 61
5104 61
5105 61
5106 61
5107 61
5108 61
5109 63
5110 61
5111 61
5112 62
5113 61
5114 61
5115 61
5116 61
5117 62
5118 62
5119 62
5120 61
5121 62
5122 62
5123 61
5124 61
5125 62
5126 62
5127 61
5128 62
5129 61
5130 62
5131 61
5132 61
5133 62
5134 62
5135 62
5136 61
5137 62
5138 62
5139 61
5140 61
5141 62
5142 63
5143 61
5144 61
5145 61
5146 62
5147 62
5148 62
5149 66
5150 63
5151 62
5152 63
5153 62
5154 62
5155 62
5156 62
5157 63
5158 63
5159 62
5160 62
5161 62
5162 62
5163 63
5164 62
5165 64
5166 63
5167 63
5168 62
5169 63
5170 62
5171 63
5172 62
5173 62
5174 63
5175 62
5176 63
5177 63
5178 63
5179 63
5180 62
5181 62
5182 64
5183 63
5184 62
5185 63
5186 63
5187 63
5188 63
5189 64
5190 64
5191 63
5192 63
5193 63
5194 64
5195 63
5196 63
5197 63
5198 63
5199 63
5200 63
5201 63
5202 64
5203 63
5204 64
5205 64
5206 64
5207 63
5208 63
5209 63
5210 63
5211 63
5212 63
5213 64
5214 63
5215 64
5216 64
5217 63
5218 64
5219 64
5220 64
5221 64
5222 64
5223 63
5224 63
5225 64
5226 64
5227 64
5228 68
5229 65
5230 64
5231 64
5232 64
5233 63
5234 63
5235 64
5236 64
5237 65
5238 64
5239 65
5240 64
5241 64
5242 65
5243 64
5244 65
5245 65
5246 67
5247 69
5248 75
5249 70
5250 69
5251 70
5252 72
5253 68
5254 69
5255 69
5256 67
5257 67
5258 65
5259 67
5260 67
5261 68
5262 74
5263 70
5264 65
5265 66
5266 68
5267 67
5268 64
5269 65
5270 65
5271 65
5272 65
5273 65
5274 70
5275 70
5276 69
5277 67
5278 65
5279 65
5280 67
5281 69
5282 67
5283 66
5284 67
5285 65
5286 67
5287 66
5288 66
5289 66
5290 67
5291 68
5292 65
5293 65
5294 65
5295 66
5296 66
5297 66
5298 66
5299 68
5300 67
5301 68
5302 69
5303 69
5304 70
5305 68
5306 67
5307 66
5308 68
5309 69
5310 70
5311 69
5312 67
5313 67
5314 66
5315 66
5316 66
5317 66
5318 66
5319 66
5320 66
5321 66
5322 66
5323 66
5324 67
5325 66
5326 67
5327 67
5328 66
5329 67
5330 66
5331 66
5332 67
5333 70
5334 74
5335 68
5336 68
5337 66
5338 67
5339 67
5340 67
5341 67
5342 67
5343 67
5344 67
5345 67
5346 66
5347 66
5348 69
5349 69
5350 68
5351 67
5352 67
5353 67
5354 67
5355 68
5356 68
5357 68
5358 67
5359 68
5360 67
5361 67
5362 67
5363 68
5364 68
5365 68
5366 67
5367 68
5368 68
5369 68
5370 68
5371 68
5372 70
5373 68
5374 68
5375 67
5376 67
5377 68
5378 68
5379 68
5380 68
5381 67
5382 68
5383 68
5384 68
5385 69
5386 68
5387 68
5388 68
5389 70
5390 68
5391 68
5392 69
5393 69
5394 71
5395 70
5396 68
5397 69
5398 68
5399 68
5400 69
5401 68
5402 72
5403 73
5404 77
5405 74
5406 74
5407 72
5408 73
5409 71
5410 72
5411 75
5412 74
5413 74
5414 70
5415 68
5416 72
5417 75
5418 70
5419 69
5420 69
5421 69
5422 69
5423 69
5424 68
5425 68
5426 69
5427 69
5428 69
5429 69
5430 69
5431 72
5432 69
5433 69
5434 72
5435 76
5436 77
5437 78
5438 74
5439 74
5440 73
5441 73
5442 74
5443 72
5444 69
5445 69
5446 73
5447 72
5448 70
5449 70
5450 69
5451 69
5452 70
5453 71
5454 71
5455 72
5456 71
5457 70
5458 69
5459 70
5460 70
5461 70
5462 77
5463 75
5464 70
5465 69
5466 70
5467 70
5468 70
5469 70
5470 71
5471 71
5472 70
5473 70
5474 70
5475 70
5476 70
5477 71
5478 70
5479 70
5480 70
5481 71
5482 79
5483 77
5484 73
5485 70
5486 70
5487 70
5488 70
5489 70
5490 72
5491 72
5492 73
5493 72
5494 71
5495 71
5496 73
5497 71
5498 71
5499 70
5500 71
5501 71
5502 70
5503 71
5504 71
5505 71
5506 71
5507 71
5508 71
5509 71
5510 71
5511 71
5512 71
5513 71
5514 71
5515 71
5516 71
5517 71
5518 71
5519 71
5520 71
5521 71
5522 71
5523 72
5524 71
5525 71
5526 72
5527 72
5528 71
5529 71
5530 71
5531 72
5532 71
5533 72
5534 72
5535 71
5536 72
5537 72
5538 71
5539 72
5540 72
5541 72
5542 72
5543 73
5544 72
5545 72
5546 72
5547 72
5548 72
5549 72
5550 72
5551 72
5552 71
5553 72
5554 74
5555 80
5556 76
5557 73
5558 72
5559 72
5560 73
5561 75
5562 76
5563 76
5564 73
5565 73
5566 72
5567 73
5568 73
5569 72
5570 72
5571 73
5572 72
5573 73
5574 73
5575 73
5576 76
5577 72
5578 74
5579 72
5580 72
5581 74
5582 73
5583 73
5584 77
5585 78
5586 80
5587 80
5588 78
5589 79
5590 80
5591 78
5592 74
5593 77
5594 77
5595 78
5596 75
5597 73
5598 75
5599 75
5600 77
5601 76
5602 74
5603 73
5604 76
5605 74
5606 73
5607 74
5608 77
5609 76
5610 79
5611 74
5612 75
5613 73
5614 74
5615 74
5616 74
5617 73
5618 73
5619 74
5620 74
5621 73
5622 75
5623 74
5624 74
5625 74
5626 76
5627 74
5628 74
5629 74
5630 75
5631 74
5632 76
5633 80
5634 83
5635 78
5636 78
5637 77
5638 75
5639 74
5640 75
5641 77
5642 78
5643 77
5644 80
5645 80
5646 78
5647 77
5648 76
5649 76
5650 77
5651 82
5652 81
5653 78
5654 75
5655 75
5656 79
5657 81
5658 79
5659 76
5660 76
5661 80
5662 81
5663 76
5664 75
5665 75
5666 75
5667 74
5668 75
5669 78
5670 79
5671 76
5672 77
5673 78
5674 82
5675 75
5676 76
5677 78
5678 82
5679 76
5680 76
5681 79
5682 80
5683 76
5684 75
5685 77
5686 76
5687 76
5688 76
5689 75
5690 75
5691 78
5692 82
5693 77
5694 76
5695 76
5696 76
5697 76
5698 77
5699 76
5700 76
5701 76
5702 76
5703 76
5704 75
5705 77
5706 76
5707 76
5708 76
5709 77
5710 76
5711 77
5712 76
5713 76
5714 76
5715 77
5716 76
5717 77
5718 77
5719 76
5720 77
5721 77
5722 76
5723 77
5724 77
5725 77
5726 76
5727 77
5728 77
5729 77
5730 76
5731 78
5732 77
5733 77
5734 77
5735 77
5736 76
5737 77
5738 77
5739 77
5740 79
5741 77
5742 77
5743 77
5744 78
5745 77
5746 77
5747 78
5748 77
5749 77
5750 78
5751 81
5752 77
5753 78
5754 77
5755 78
5756 78
5757 78
5758 77
5759 77
5760 77
5761 78
5762 77
5763 78
5764 77
5765 77
5766 78
5767 78
5768 78
5769 78
5770 78
5771 77
5772 77
5773 78
5774 78
5775 78
5776 79
5777 78
5778 78
5779 78
5780 78
5781 78
5782 79
5783 78
5784 78
5785 79
5786 78
5787 78
5788 78
5789 79
5790 78
5791 79
5792 79
5793 78
5794 79
5795 79
5796 78
5797 79
5798 78
5799 78
5800 79
5801 79
5802 79
5803 79
5804 78
5805 79
5806 79
5807 78
5808 79
5809 79
5810 79
5811 80
5812 79
5813 79
5814 80
5815 79
5816 79
5817 79
5818 79
5819 79
5820 80
5821 79
5822 80
5823 83
5824 83
5825 82
5826 84
5827 86
5828 83
5829 94
5830 88
5831 88
5832 81
5833 80
5834 80
5835 85
5836 84
5837 86
5838 85
5839 83
5840 83
5841 82
5842 80
5843 82
5844 83
5845 80
5846 81
5847 85
5848 84
5849 85
5850 83
5851 81
5852 84
5853 83
5854 83
5855 82
5856 82
5857 82
5858 83
5859 82
5860 92
5861 85
5862 84
5863 83
5864 83
5865 83
5866 83
5867 82
5868 80
5869 84
5870 83
5871 81
5872 81
5873 81
5874 87
5875 85
5876 85
5877 83
5878 83
5879 81
5880 84
5881 82
5882 84
5883 84
5884 83
5885 82
5886 85
5887 85
5888 83
5889 83
5890 81
5891 82
5892 85
5893 83
5894 82
5895 82
5896 86
5897 83
5898 85
5899 82
5900 84
5901 83
5902 87
5903 83
5904 86
5905 86
5906 83
5907 84
5908 85
5909 83
5910 82
5911 82
5912 83
5913 83
5914 81
5915 82
5916 83
5917 82
5918 82
5919 82
5920 82
5921 82
5922 85
5923 87
5924 86
5925 84
5926 85
5927 85
5928 84
5929 85
5930 86
5931 83
5932 84
5933 83
5934 89
5935 100
5936 94
5937 89
5938 92
5939 88
5940 98
5941 89
5942 91
5943 94
5944 89
5945 100
5946 97
5947 92
5948 94
5949 89
5950 94
5951 90
5952 89
5953 89
5954 89
5955 87
5956 87
5957 91
5958 85
5959 83
5960 87
5961 85
5962 83
5963 89
5964 87
5965 88
5966 94
5967 91
5968 86
5969 83
5970 89
5971 91
5972 87
5973 88
5974 89
5975 88
5976 87
5977 87
5978 85
5979 90
5980 92
5981 84
5982 89
5983 84
5984 86
5985 92
5986 88
5987 88
5988 84
5989 89
5990 90
5991 85
5992 87
5993 85
5994 84
5995 87
5996 86
5997 86
5998 84
5999 84
6000 84
6001 84
6002 84
6003 87
6004 86
6005 84
6006 85
6007 86
6008 93
6009 92
6010 86
6011 85
6012 84
6013 86
6014 90
6015 96
6016 88
6017 85
6018 84
6019 86
6020 84
6021 85
6022 87
6023 93
6024 90
6025 85
6026 86
6027 85
6028 85
6029 85
6030 86
6031 85
6032 85
6033 93
6034 91
6035 85
6036 86
6037 85
6038 85
6039 85
6040 86
6041 85
6042 86
6043 85
6044 90
6045 90
6046 85
6047 86
6048 88
6049 86
6050 87
6051 85
6052 86
6053 87
6054 85
6055 89
6056 91
6057 86
6058 86
6059 87
6060 87
6061 86
6062 87
6063 85
6064 85
6065 93
6066 92
6067 91
6068 94
6069 97
6070 89
6071 87
6072 85
6073 85
6074 87
6075 86
6076 87
6077 87
6078 89
6079 90
6080 87
6081 89
6082 92
6083 88
6084 87
6085 86
6086 86
6087 87
6088 86
6089 87
6090 86
6091 86
6092 87
6093 87
6094 87
6095 87
6096 87
6097 86
6098 87
6099 87
6100 87
6101 90
6102 87
6103 87
6104 87
6105 88
6106 87
6107 90
6108 95
6109 92
6110 90
6111 89
6112 87
6113 89
6114 87
6115 87
6116 88
6117 88
6118 88
6119 89
6120 87
6121 88
6122 88
6123 88
6124 87
6125 88
6126 88
6127 88
6128 88
6129 87
6130 87
6131 88
6132 92
6133 94
6134 89
6135 88
6136 88
6137 88
6138 89
6139 88
6140 88
6141 88
6142 88
6143 88
6144 88
6145 88
6146 88
6147 88
6148 88
6149 88
6150 89
6151 88
6152 88
6153 88
6154 88
6155 89
6156 88
6157 89
6158 98
6159 89
6160 89
6161 89
6162 89
6163 89
6164 88
6165 89
6166 89
6167 89
6168 88
6169 91
6170 93
6171 90
6172 92
6173 93
6174 93
6175 90
6176 89
6177 92
6178 93
6179 90
6180 89
6181 89
6182 90
6183 96
6184 91
6185 96
6186 96
6187 94
6188 96
6189 93
6190 90
6191 89
6192 90
6193 93
6194 91
6195 94
6196 92
6197 92
6198 90
6199 91
6200 94
6201 93
6202 89
6203 93
6204 90
6205 90
6206 90
6207 90
6208 90
6209 90
6210 92
6211 95
6212 97
6213 100
6214 91
6215 92
6216 91
6217 92
6218 91
6219 90
6220 90
6221 93
6222 94
6223 91
6224 91
6225 90
6226 92
6227 92
6228 90
6229 91
6230 90
6231 90
6232 91
6233 91
6234 92
6235 95
6236 93
6237 91
6238 91
6239 91
6240 91
6241 91
6242 91
6243 93
6244 91
6245 91
6246 91
6247 91
6248 93
6249 100
6250 92
6251 91
6252 91
6253 91
6254 92
6255 91
6256 91
6257 92
6258 91
6259 91
6260 92
6261 91
6262 91
6263 91
6264 93
6265 91
6266 92
6267 91
6268 91
6269 92
6270 97
6271 100
6272 94
6273 92
6274 92
6275 96
6276 97
6277 91
6278 96
6279 93
6280 92
6281 92
6282 92
6283 92
6284 92
6285 92
6286 92
6287 93
6288 92
6289 92
6290 92
6291 93
6292 93
6293 92
6294 93
6295 92
6296 93
6297 93
6298 92
6299 93
6300 92
6301 92
6302 93
6303 92
6304 92
6305 93
6306 93
6307 94
6308 93
6309 93
6310 92
6311 93
6312 98
6313 99
6314 94
6315 97
6316 97
6317 97
6318 95
6319 94
6320 109
6321 93
6322 94
6323 98
6324 98
6325 99
6326 97
6327 98
6328 99
6329 95
6330 97
6331 95
6332 99
6333 97
6334 96
6335 93
6336 96
6337 97
6338 97
6339 97
6340 99
6341 98
6342 98
6343 102
6344 98
6345 97
6346 93
6347 95
6348 100
6349 99
6350 97
6351 97
6352 98
6353 98
6354 96
6355 107
6356 101
6357 100
6358 98
6359 95
6360 97
6361 99
6362 99
6363 100
6364 98
6365 96
6366 95
6367 97
6368 100
6369 98
6370 97
6371 99
6372 97
6373 94
6374 95
6375 95
6376 95
6377 98
6378 101
6379 101
6380 103
6381 101
6382 98
6383 95
6384 95
6385 98
6386 102
6387 101
6388 95
6389 96
6390 100
6391 97
6392 96
6393 100
6394 100
6395 98
6396 95
6397 95
6398 97
6399 95
6400 96
6401 95
6402 98
6403 100
6404 98
6405 96
6406 106
6407 99
6408 98
6409 96
6410 96
6411 96
6412 96
6413 99
6414 96
6415 96
6416 96
6417 96
6418 100
6419 97
6420 99
6421 97
6422 96
6423 97
6424 97
6425 96
6426 98
6427 101
6428 100
6429 101
6430 97
6431 100
6432 104
6433 105
6434 99
6435 99
6436 99
6437 99
6438 97
6439 100
6440 97
6441 96
6442 97
6443 98
6444 97
6445 98
6446 97
6447 97
6448 96
6449 97
6450 97
6451 98
6452 97
6453 97
6454 97
6455 98
6456 98
6457 101
6458 97
6459 97
6460 97
6461 98
6462 99
6463 97
6464 98
6465 98
6466 98
6467 100
6468 108
6469 99
6470 100
6471 100
6472 98
6473 99
6474 97
6475 98
6476 98
6477 98
6478 104
6479 101
6480 100
6481 99
6482 100
6483 98
6484 98
6485 98
6486 99
6487 99
6488 98
6489 98
6490 99
6491 99
6492 99
6493 98
6494 98
6495 99
6496 99
6497 98
6498 100
6499 101
6500 102
6501 103
6502 102
6503 102
6504 99
6505 98
6506 98
6507 99
6508 99
6509 99
6510 99
6511 100
6512 98
6513 99
6514 99
6515 101
6516 100
6517 99
6518 112
6519 100
6520 103
6521 107
6522 99
6523 100
6524 100
6525 100
6526 100
6527 99
6528 100
6529 101
6530 100
6531 100
6532 99
6533 100
6534 99
6535 99
6536 101
6537 100
6538 99
6539 99
6540 104
6541 112
6542 102
6543 100
6544 100
6545 108
6546 107
6547 100
6548 100
6549 99
6550 107
6551 104
6552 101
6553 100
6554 102
6555 109
6556 103
6557 102
6558 106
6559 108
6560 101
6561 101
6562 100
6563 107
6564 109
6565 101
6566 101
6567 112
6568 108
6569 100
6570 109
6571 109
6572 103
6573 112
6574 107
6575 107
6576 111
6577 105
6578 108
6579 109
6580 102
6581 107
6582 106
6583 106
6584 101
6585 101
6586 101
6587 101
6588 107
6589 107
6590 102
6591 101
6592 104
6593 107
6594 105
6595 105
6596 108
6597 106
6598 105
6599 105
6600 101
6601 102
6602 102
6603 102
6604 102
6605 102
6606 101
6607 102
6608 103
6609 102
6610 102
6611 102
6612 102
6613 103
6614 102
6615 102
6616 102
6617 102
6618 102
6619 104
6620 110
6621 102
6622 104
6623 102
6624 103
6625 103
6626 103
6627 103
6628 103
6629 103
6630 103
6631 102
6632 104
6633 103
6634 103
6635 103
6636 102
6637 103
6638 103
6639 103
6640 103
6641 103
6642 103
6643 103
6644 103
6645 103
6646 103
6647 104
6648 103
6649 103
6650 103
6651 103
6652 104
6653 104
6654 104
6655 104
6656 114
6657 108
6658 110
6659 106
6660 104
6661 108
6662 107
6663 107
6664 104
6665 104
6666 106
6667 109
6668 106
6669 105
6670 108
6671 108
6672 110
6673 107
6674 107
6675 107
6676 105
6677 106
6678 107
6679 115
6680 111
6681 110
6682 108
6683 108
6684 109
6685 107
6686 110
6687 109
6688 112
6689 111
6690 106
6691 110
6692 109
6693 110
6694 105
6695 105
6696 106
6697 105
6698 105
6699 104
6700 105
6701 104
6702 106
6703 105
6704 105
6705 105
6706 105
6707 105
6708 107
6709 105
6710 105
6711 105
6712 106
6713 105
6714 106
6715 105
6716 106
6717 106
6718 105
6719 105
6720 105
6721 105
6722 106
6723 106
6724 105
6725 106
6726 106
6727 106
6728 105
6729 105
6730 106
6731 106
6732 106
6733 106
6734 108
6735 106
6736 107
6737 106
6738 106
6739 106
6740 106
6741 107
6742 106
6743 110
6744 106
6745 107
6746 107
6747 106
6748 106
6749 106
6750 107
6751 106
6752 106
6753 106
6754 106
6755 108
6756 106
6757 107
6758 106
6759 119
6760 108
6761 109
6762 108
6763 107
6764 108
6765 106
6766 106
6767 107
6768 107
6769 108
6770 107
6771 107
6772 107
6773 108
6774 107
6775 107
6776 112
6777 112
6778 107
6779 107
6780 115
6781 112
6782 110
6783 113
6784 110
6785 110
6786 110
6787 110
6788 109
6789 113
6790 108
6791 110
6792 109
6793 113
6794 113
6795 109
6796 109
6797 107
6798 109
6799 113
6800 113
6801 108
6802 108
6803 107
6804 107
6805 109
6806 108
6807 108
6808 108
6809 108
6810 109
6811 108
6812 109
6813 108
6814 108
6815 109
6816 108
6817 109
6818 108
6819 108
6820 109
6821 109
6822 108
6823 109
6824 108
6825 108
6826 108
6827 109
6828 109
6829 109
6830 109
6831 109
6832 108
6833 109
6834 109
6835 110
6836 108
6837 109
6838 109
6839 109
6840 108
6841 108
6842 109
6843 110
6844 109
6845 110
6846 109
6847 109
6848 110
6849 109
6850 110
6851 110
6852 110
6853 109
6854 110
6855 110
6856 110
6857 111
6858 109
6859 109
6860 111
6861 109
6862 110
6863 110
6864 110
6865 111
6866 110
6867 109
6868 110
6869 111
6870 110
6871 110
6872 110
6873 110
6874 111
6875 110
6876 110
6877 110
6878 110
6879 111
6880 114
6881 111
6882 111
6883 111
6884 111
6885 110
6886 111
6887 111
6888 110
6889 112
6890 111
6891 110
6892 112
6893 111
6894 111
6895 111
6896 112
6897 111
6898 111
6899 111
6900 110
6901 111
6902 111
6903 110
6904 112
6905 118
6906 112
6907 115
6908 116
6909 114
6910 111
6911 112
6912 113
6913 113
6914 115
6915 115
6916 112
6917 112
6918 112
6919 111
6920 113
6921 113
6922 112
6923 112
6924 111
6925 121
6926 112
6927 113
6928 112
6929 118
6930 121
6931 113
6932 112
6933 112
6934 112
6935 114
6936 122
6937 113
6938 112
6939 112
6940 113
6941 112
6942 112
6943 112
6944 112
6945 113
6946 112
6947 113
6948 113
6949 113
6950 113
6951 117
6952 119
6953 118
6954 117
6955 113
6956 113
6957 114
6958 125
6959 114
6960 115
6961 115
6962 113
6963 114
6964 113
6965 114
6966 120
6967 117
6968 115
6969 116
6970 113
6971 114
6972 114
6973 113
6974 113
6975 114
6976 114
6977 114
6978 113
6979 114
6980 113
6981 113
6982 114
6983 113
6984 114
6985 116
6986 116
6987 116
6988 116
6989 115
6990 114
6991 114
6992 114
6993 116
6994 114
6995 114
6996 114
6997 115
6998 114
6999 114
7000 114
7001 116
7002 119
7003 114
7004 114
7005 115
7006 115
7007 114
7008 114
7009 115
7010 116
7011 114
7012 115
7013 115
7014 115
7015 114
7016 114
7017 114
7018 114
7019 116
7020 115
7021 115
7022 115
7023 115
7024 115
7025 115
7026 115
7027 115
7028 115
7029 115
7030 115
7031 115
7032 116
7033 115
7034 116
7035 115
7036 116
7037 115
7038 115
7039 116
7040 116
7041 115
7042 115
7043 116
7044 116
7045 120
7046 116
7047 116
7048 116
7049 117
7050 116
7051 115
7052 115
7053 117
7054 118
7055 116
7056 116
7057 116
7058 117
7059 117
7060 116
7061 116
7062 117
7063 116
7064 117
7065 116
7066 117
7067 117
7068 117
7069 117
7070 117
7071 117
7072 116
7073 117
7074 117
7075 117
7076 117
7077 116
7078 117
7079 117
7080 117
7081 117
7082 117
7083 118
7084 117
7085 117
7086 116
7087 117
7088 117
7089 117
7090 117
7091 118
7092 118
7093 117
7094 117
7095 117
7096 118
7097 118
7098 117
7099 118
7100 118
7101 118
7102 117
7103 117
7104 118
7105 117
7106 118
7107 118
7108 118
7109 118
7110 119
7111 118
7112 118
7113 118
7114 118
7115 118
7116 118
7117 119
7118 128
7119 119
7120 118
7121 119
7122 118
7123 119
7124 118
7125 119
7126 119
7127 119
7128 118
7129 118
7130 119
7131 119
7132 118
7133 119
7134 119
7135 119
7136 119
7137 119
7138 119
7139 118
7140 119
7141 119
7142 119
7143 119
7144 120
7145 119
7146 119
7147 119
7148 119
7149 119
7150 119
7151 119
7152 119
7153 119
7154 119
7155 121
7156 119
7157 120
7158 119
7159 120
7160 120
7161 121
7162 119
7163 121
7164 119
7165 120
7166 120
7167 121
7168 120
7169 119
7170 119
7171 120
7172 121
7173 119
7174 119
7175 121
7176 121
7177 120
7178 120
7179 120
7180 121
7181 120
7182 120
7183 121
7184 122
7185 120
7186 121
7187 120
7188 121
7189 120
7190 121
7191 120
7192 120
7193 121
7194 121
7195 120
7196 121
7197 120
7198 121
7199 121
7200 121
7201 122
7202 121
7203 121
7204 121
7205 121
7206 121
7207 121
7208 121
7209 121
7210 121
7211 121
7212 121
7213 123
7214 121
7215 122
7216 121
7217 122
7218 122
7219 121
7220 121
7221 122
7222 121
7223 122
7224 122
7225 122
7226 122
7227 123
7228 121
7229 123
7230 122
7231 121
7232 121
7233 123
7234 122
7235 122
7236 122
7237 122
7238 123
7239 122
7240 121
7241 122
7242 123
7243 122
7244 123
7245 122
7246 124
7247 123
7248 122
7249 123
7250 123
7251 122
7252 122
7253 122
7254 122
7255 122
7256 122
7257 122
7258 123
7259 122
7260 122
7261 124
7262 123
7263 123
7264 123
7265 123
7266 123
7267 122
7268 123
7269 123
7270 124
7271 123
7272 123
7273 123
7274 123
7275 123
7276 124
7277 123
7278 124
7279 124
7280 123
7281 124
7282 124
7283 124
7284 124
7285 123
7286 125
7287 124
7288 124
7289 124
7290 124
7291 124
7292 124
7293 124
7294 124
7295 124
7296 124
7297 124
7298 125
7299 124
7300 124
7301 124
7302 125
7303 124
7304 124
7305 124
7306 125
7307 125
7308 124
7309 124
7310 124
7311 124
7312 125
7313 124
7314 126
7315 124
7316 125
7317 125
7318 125
7319 125
7320 125
7321 125
7322 126
7323 125
7324 125
7325 125
7326 126
7327 127
7328 125
7329 125
7330 125
7331 125
7332 126
7333 125
7334 126
7335 127
7336 125
7337 125
7338 125
7339 125
7340 126
7341 125
7342 126
7343 126
7344 126
7345 125
7346 127
7347 126
7348 126
7349 126
7350 126
7351 127
7352 126
7353 126
7354 127
7355 126
7356 126
7357 126
7358 127
7359 126
7360 126
7361 126
7362 132
7363 127
7364 127
7365 126
7366 127
7367 126
7368 126
7369 126
7370 128
7371 126
7372 127
7373 127
7374 127
7375 127
7376 127
7377 127
7378 127
7379 127
7380 127
7381 127
7382 127
7383 126
7384 126
7385 126
7386 127
7387 127
7388 127
7389 127
7390 128
7391 127
7392 127
7393 128
7394 128
7395 128
7396 127
7397 128
7398 128
7399 127
7400 128
7401 128
7402 128
7403 128
7404 128
7405 129
7406 127
7407 127
7408 127
7409 128
7410 128
7411 128
7412 128
7413 129
7414 128
7415 128
7416 128
7417 129
7418 128
7419 129
7420 128
7421 129
7422 128
7423 128
7424 129
7425 129
7426 128
7427 129
7428 128
7429 128
7430 128
7431 129
7432 128
7433 129
7434 129
7435 128
7436 130
7437 129
7438 129
7439 129
7440 130
7441 129
7442 128
7443 128
7444 129
7445 130
7446 129
7447 129
7448 130
7449 129
7450 129
7451 129
7452 130
7453 130
7454 129
7455 130
7456 130
7457 129
7458 130
7459 130
7460 130
7461 130
7462 130
7463 131
7464 130
7465 131
7466 130
7467 130
7468 130
7469 129
7470 129
7471 131
7472 131
7473 130
7474 130
7475 131
7476 130
7477 130
7478 130
7479 131
7480 130
7481 131
7482 130
7483 131
7484 131
7485 131
7486 131
7487 130
7488 133
7489 135
7490 133
7491 131
7492 131
7493 131
7494 131
7495 131
7496 131
7497 131
7498 131
7499 130
7500 130
7501 130
7502 131
7503 131
7504 131
7505 132
7506 131
7507 131
7508 131
7509 133
7510 131
7511 131
7512 132
7513 132
7514 132
7515 131
7516 132
7517 133
7518 132
7519 132
7520 131
7521 132
7522 132
7523 132
7524 133
7525 132
7526 132
7527 132
7528 134
7529 131
7530 138
7531 139
7532 136
7533 132
7534 133
7535 132
7536 135
7537 134
7538 132
7539 133
7540 132
7541 133
7542 133
7543 133
7544 132
7545 132
7546 133
7547 144
7548 136
7549 133
7550 142
7551 135
7552 133
7553 137
7554 134
7555 133
7556 139
7557 135
7558 135
7559 138
7560 133
7561 134
7562 139
7563 134
7564 133
7565 134
7566 139
7567 134
7568 133
7569 134
7570 134
7571 133
7572 133
7573 134
7574 134
7575 133
7576 134
7577 134
7578 134
7579 133
7580 134
7581 134
7582 133
7583 133
7584 134
7585 134
7586 134
7587 133
7588 135
7589 134
7590 134
7591 135
7592 134
7593 134
7594 134
7595 135
7596 134
7597 134
7598 134
7599 135
7600 134
7601 134
7602 135
7603 135
7604 135
7605 134
7606 135
7607 135
7608 135
7609 134
7610 136
7611 134
7612 134
7613 135
7614 137
7615 135
7616 135
7617 135
7618 135
7619 135
7620 135
7621 136
7622 135
7623 135
7624 136
7625 136
7626 135
7627 136
7628 136
7629 135
7630 135
7631 136
7632 136
7633 135
7634 136
7635 135
7636 136
7637 136
7638 136
7639 137
7640 136
7641 136
7642 136
7643 137
7644 136
7645 137
7646 136
7647 137
7648 136
7649 136
7650 137
7651 136
7652 136
7653 136
7654 137
7655 136
7656 137
7657 136
7658 137
7659 137
7660 137
7661 136
7662 136
7663 137
7664 137
7665 138
7666 137
7667 137
7668 136
7669 138
7670 137
7671 137
7672 138
7673 137
7674 137
7675 137
7676 139
7677 145
7678 138
7679 138
7680 138
7681 137
7682 137
7683 139
7684 138
7685 137
7686 138
7687 138
7688 137
7689 137
7690 138
7691 138
7692 137
7693 138
7694 138
7695 138
7696 138
7697 138
7698 139
7699 138
7700 138
7701 139
7702 138
7703 139
7704 138
7705 139
7706 138
7707 138
7708 139
7709 139
7710 138
7711 139
7712 139
7713 139
7714 139
7715 138
7716 140
7717 138
7718 140
7719 139
7720 139
7721 138
7722 139
7723 140
7724 139
7725 139
7726 140
7727 139
7728 139
7729 139
7730 141
7731 139
7732 139
7733 140
7734 139
7735 140
7736 139
7737 141
7738 139
7739 140
7740 140
7741 142
7742 145
7743 144
7744 149
7745 140
7746 149
7747 143
7748 141
7749 148
7750 143
7751 141
7752 140
7753 144
7754 147
7755 142
7756 141
7757 140
7758 141
7759 140
7760 140
7761 140
7762 140
7763 140
7764 140
7765 141
7766 141
7767 140
7768 141
7769 141
7770 140
7771 141
7772 141
7773 140
7774 141
7775 141
7776 140
7777 141
7778 140
7779 141
7780 141
7781 141
7782 141
7783 141
7784 141
7785 141
7786 142
7787 142
7788 141
7789 141
7790 142
7791 141
7792 141
7793 142
7794 142
7795 142
7796 141
7797 141
7798 141
7799 142
7800 142
7801 141
7802 142
7803 142
7804 142
7805 142
7806 142
7807 142
7808 143
7809 142
7810 142
7811 142
7812 142
7813 142
7814 142
7815 152
7816 144
7817 142
7818 151
7819 144
7820 142
7821 142
7822 143
7823 143
7824 142
7825 143
7826 142
7827 142
7828 142
7829 143
7830 143
7831 143
7832 143
7833 143
7834 143
7835 143
7836 143
7837 143
7838 143
7839 143
7840 143
7841 143
7842 143
7843 143
7844 143
7845 143
7846 144
7847 143
7848 143
7849 144
7850 143
7851 144
7852 143
7853 145
7854 143
7855 144
7856 144
7857 144
7858 144
7859 144
7860 144
7861 144
7862 144
7863 144
7864 144
7865 144
7866 143
7867 144
7868 144
7869 144
7870 145
7871 145
7872 144
7873 144
7874 145
7875 145
7876 144
7877 145
7878 149
7879 151
7880 144
7881 145
7882 144
7883 144
7884 146
7885 144
7886 144
7887 145
7888 145
7889 145
7890 145
7891 146
7892 145
7893 145
7894 146
7895 145
7896 145
7897 145
7898 145
7899 146
7900 145
7901 145
7902 145
7903 145
7904 146
7905 145
7906 145
7907 146
7908 146
7909 146
7910 145
7911 147
7912 146
7913 146
7914 146
7915 147
7916 145
7917 146
7918 147
7919 146
7920 146
7921 146
7922 148
7923 153
7924 146
7925 148
7926 149
7927 153
7928 147
7929 146
7930 146
7931 146
7932 147
7933 147
7934 146
7935 146
7936 147
7937 147
7938 146
7939 148
7940 153
7941 154
7942 148
7943 147
7944 151
7945 148
7946 147
7947 147
7948 149
7949 149
7950 149
7951 150
7952 149
7953 147
7954 148
7955 148
7956 147
7957 148
7958 147
7959 149
7960 147
7961 148
7962 148
7963 148
7964 149
7965 148
7966 148
7967 147
7968 148
7969 149
7970 148
7971 148
7972 149
7973 147
7974 148
7975 148
7976 148
7977 148
7978 149
7979 149
7980 148
7981 148
7982 149
7983 149
7984 148
7985 148
7986 150
7987 155
7988 150
7989 150
7990 154
7991 150
7992 149
7993 149
7994 149
7995 149
7996 149
7997 148
7998 149
7999 150
8000 149
